19604358
25361068
27296693
69023532
131957597
168568275
288217656
303321306
326022971
326671854
405682577
455272298
479162904
715170360
819162235
1567623781
2364404915
2445365779
2491997695
2559606905
2603919998
2935453469
3007352614
3491090542
736511093770736000
762014236893733000
789887850821067000
895656962393821000
909467654393598000
916520192162845000
982296337520579000
1004423670733990000
1124674696107250000
1157995303536080000
1183495028599120000
1256925668224510000
1342943374131810000
1421598993960870000
1440966519245180000
